50.0 193.94891847189072
 50.0 193.94891847189072
 50.0 193.94891847189072
 50.0 193.94891847189072
 50.0 193.94891847189072
 50.0 193.94891847189072
 50.0 193.94891847189072
 50.0 193.94891847189072
 50.0 193.94891847189072
 50.0 193.94891847189072
 50.0 193.94891847189072
 50.0 193.95389039200938
 50.0 193.95389039200938
 50.0 193.95389039200938
 6.6 10670.189287262754
 6.6 10670.189287262754
 6.6 10670.189287262754
 826.0327000101404 748.0980623042065
 826.0327000101404 748.0980623042065
 826.0327000101404 748.0980623042065
 826.0327000101404 131.00705003443468
 826.0327000101404 1405.5280759137022
 826.0327000101404 2987.905605969732
 826.0327000101404 387.82144881752777
 826.0327000101404 748.0980623042065
 826.0327000101404 572.3512290293143
 826.0327000101404 572.3512290293143
 826.0327000101404 572.3512290293143
 826.0327000101404 572.3512290293143
 826.0327000101404 572.3512290293143
 826.0327000101404 572.3512290293143
 826.0327000101404 572.3512290293143
 826.0327000101404 572.3512290293143
 826.0327000101404 572.3512290293143
 826.0327000101404 572.3512290293143
 826.0327000101404 572.3253895230625
 826.0327000101404 572.3163404748184
 826.0327000101404 nan
 826.0327000101404 572.3512290293143
 826.0327000101404 572.3512290293143
 826.0327000101404 26.531106821032044
 826.0327000101404 26.531106821032044
 826.0327000101404 572.3512290293143
 826.0327000101404 572.3512290293143
 826.0327000101404 572.3512290293143
 6.0 3889.627618426583
 6.0 15004.96094802141
 6.0 15004.96094802141
 6.0 15004.96094802141
 6.0 15004.96094802141
 6.0 12717.184617473657
 6.0 15004.96094802141
 6.0 4926.115321771115
 6.0 12717.184617473657
 6.0 15004.96094802141
 6.0 15004.949859478396
 6.0 15004.946160987147
 6.0 15004.96094802141
 6.0 21288.64404610694
 6.0 21288.64404610694
 6.0 15004.96094802141
 6.0 15004.96094802141
 6.0 15004.96094802141
 6.0 15004.96094802141
 6.0 15004.96094802141
 6.0 15004.96094802141
 6.0 15004.96094802141
 6.0 4926.115321771115
 1297.919999945981 1852.179163902694
 82.47545008155245 1016.4873524759918
 82.47545008155245 1016.4873524759918
 