6.0 15038.237377364469
 6.105263157894737 14393.998052560532
 6.2105263157894735 12956.725730044758
 6.315789473684211 12017.484678627583
 6.421052631578947 11371.358572940264
 6.526315789473684 10680.039001467107
 6.631578947368421 9892.375232887543
 6.7368421052631575 9154.558754610298
 6.842105263157895 8879.019729392572
 6.947368421052632 8809.315945963814
 7.052631578947368 7757.975864321662
 7.157894736842105 7448.238067632759
 7.2631578947368425 7238.344714357039
 7.368421052631579 6566.522829895509
 7.473684210526316 6300.103119891974
 7.578947368421053 6314.236994964148
 7.684210526315789 5251.212351637143
 7.789473684210526 5419.190487867874
 7.894736842105263 5585.696231931229
 8.0 5003.213575325076
 6.0 3889.627618426583
 6.0 3889.627618426583
 6.0 3889.137478667348
 6.0 3887.191029329746
 6.0 21090.90230356633
 6.0 21011.9612581204
 6.0 15004.96094802141
 6.0 2776.5672169059617
 6.0 2776.5672169059617
 6.0 2776.5672169059617
 